23.9
75.1
66.1
73.8
55.1
43.3
69.4
25.5
64.7
68.1
36.4
52.8
66.7
69.9
58.3
85.9
51.8
60.8
59.3
49.4
44.9
61.1
50.4
47.2
51.4
58.0
53.0
57.5
60.1
59.1
58.7
78.7
46.6
32.8
58.2
48.5
44.9
45.4
11.0
40.4
45.1
50.7
31.0
66.2
58.4
64.8
43.3
68.9
25.0
61.2
61.6
80.2
52.8
67.9
87.1
63.3
75.2
76.7
24.5
42.7
76.9
76.3
43.1
39.8
62.4
80.9
49.9
45.8
59.5
13.3
48.4
49.5
67.2
65.8
58.7
74.4
66.6
47.3
67.5
79.8
20.6
61.5
70.9
49.6
55.2
57.6
69.2
45.9
57.2
58.9
70.6
58.9
30.8
28.4
38.0
44.2
64.6
57.3
37.6
63.5
69.8
23.7
41.1
53.1
63.7
44.7
73.8
50.4
43.0
50.4
78.5
45.4
48.4
44.8
50.1
38.1
56.2
88.1
54.1
67.9
27.6
57.4
49.2
54.0
34.0
56.8
62.1
72.2
53.9
42.4
50.8
54.7
51.0
76.7
53.1
55.0
51.7
37.4
52.8
24.4
47.0
46.3
80.1
50.8
48.5
47.8
37.1
66.5
51.9
70.8
69.5
83.0
60.0
49.9
57.7
44.9
75.8
56.9
37.6
52.9
81.0
67.0
62.2
68.1
50.6
68.6
58.9
43.1
51.1
83.5
45.3
59.9
49.4
38.8
35.7
50.7
51.4
79.4
66.4
45.7
38.1
55.9
5.0
48.4
51.2
66.5
100.2
49.8
54.8
79.4
26.0
24.5
66.6
67.4
47.4
53.9
34.3
46.4
52.4
64.5
64.2
55.9
86.4
44.5
61.5
48.9
52.7
33.0
31.0
49.4
39.3
42.6
33.6
82.0
51.0
43.3
61.6
67.3
72.0
27.7
69.2
94.9
37.5
12.0
54.0
45.9
35.1
59.7
63.1
77.1
56.5
40.7
54.5
61.8
73.3
55.8
77.8
69.6
41.5
44.2
49.1
52.9
50.3
51.3
55.8
74.5
56.1
54.7
47.5
69.7
28.2
32.4
5.0
46.4
36.6
21.9
17.1
90.7
56.5
66.3
45.8
23.5
30.9
56.2
68.8
57.8
42.4
26.4
61.9
66.1
51.4
81.6
64.9
44.2
30.6
68.8
47.5
58.3
41.4
75.6
19.8
62.6
64.6
55.0
34.1
55.8
45.2
23.2
60.7
36.5
27.5
36.2
78.1
41.4
31.6
72.4
79.3
72.3
36.1
47.2