2185
670
2191
2261
2042
2414
2263
1464
2074
1924
2841
2010
874
1639
2073
3211
1375
1980
1720
1361
2165
2839
2581
2792
2202
987
1833
1839
1923
2468
1854
1072
1693
1080
1430
1437
2930
1165
2771
1165
2248
1409
1928
2180
1635
1540
1024
232
2284
1925
959
1637
263
1093
1506
1442
2031
2128
1609
854
2565
1960
1158
3176
2933
1654
2686
1675
1042
2769
1341
2898
3041
1916
2443
159
1480
1592
1667
1184
2446
2114
1739
1806
1908
2717
1964
1284
2045
2174
1704
880
2035
502
2843
1690
2157
1119
1678
1280
2205
1780
1773
2836
1553
1901
2306
1683
2165
2326
2721
1071
2243
1742
3470
2014
2611
1759
2959
1647
785
1757
2129
2681
2185
2432
2239
2847
1063
2069
1401
365
3185
1769
2110
2621
1602
1295
1568
2312
3051
2494
2128
2429
1782
2422
1611
1480
2514
2174
1315
1655
795
1440
1533
2521
2654
1595
1356
1696
1928
2452
1785
1825
2388
2381
1943
1303
2229
1761
2296
1746
926
1859
2573
2003
2035
2068
2070
1548
1776
2099
1480
1847
1952
1734
1688
854
2392
1523
1243
2328
1827
2322
1632
1766
2715
1462
2119
2360